7868.72 
361.7 
1458.97 
5807.14 
12223 
11125.2 
11162.7 
5517.45 
5348.52 
11979.1 
8989.13 
7241.83 
9196.46 
2763.95 
2100.42 
2790.78 
2985.38 
8826.23 
3457.7 
12407.1 
2671.17 
12075.2 
3228.32 
6991.08 
8008.44 
938.753 
5108.86 
3556.99 
552.652 
2421.92 
835.922 
6303.57 
6520.07 
12400.5 
3642.7 
5862.02 
8397.8 
11045.2 
5232.07 
8711.65 
1125.57 
5792.89 
8410.71 
11414 
4536.1 
11730.5 
2807.64 
9360.9 
4577.55 
5526.67 
7304.86 
6673.19 
12831.1 
164.013 
9875.43 
8953.33 
5887.64 
1392.53 
581.344 
3377.53 
4257.97 
5860.96 
9349.94 
2553.57 
737.095 
8291.32 
2788.69 
672.102 
2659.3 
11718 
4469.28 
6260.53 
4731.67 
9048.71 
5882.09 
1593.53 
11794.6 
5969.73 
12738 
8183.97 
986.101 
12544.7 
2361.35 
2016.69 
8641.09 
4646.19 
7099.27 
11210 
5765.33 
8131.53 
3942.63 
6217 
2547.33 
6944.04 
1214.82 
2748.63 
182.575 
8501.48 
12143.6 
2956.64 
10922.9 
763.834 
8258.51 
8440.18 
10951.7 
10044.2 
591.155 
8726.61 
7135.94 
720.439 
122.887 
5178.49 
7639.89 
2670.34 
697.41 
226.151 
10690.5 
3743.4 
3774.16 
2212.44 
5933.09 
3325.73 
12289.6 
10198.8 
4698.39 
778.273 
1669.29 
6787.52 
11228.4 
404.78 
7813.16 
9369.25 
10232.6 
1568.12 
3319.87 
701.866 
1654.96 
8922.45 
5505.38 
7529.43 
3858.39 
5888.32 
12175.2 
5185.39 
10139.6 
3399.26 
3996.42 
4787.14 
8681.08 
9491.73 
9895.42 
8835.86 
3792.41 
8217.02 
11486.3 
11503.9 
4362.26 
12682.5 
1566.67 
9162.15 
7329.74 
11196.6 
9075.62 
4563.24 
7765.54 
12034.7 
6656.92 
3474.27 
10200.6 
7722.63 
12100.8 
10685.2 
1866.27 
1045.75 
2015.63 
5902.79 
1086.74 
9694.16 
1476.43 
1240.69 
2915.99 
11537.8 
7535.06 
7649.32 
9429.83 
7259.11 
10999.9 
11950.5 
1454.01 
6727.08 
3396.16 
4693.65 
11.2958 
4618.42 
93.3832 
4791.93 
6118.98 
1465.23 
7578.1 
726.372 
5474.4 
4624.88 
6194.56 
6967.24 
4743.92 
9400.66 
4287.24 
7848.83 
5107 
5681.45 
331.638 
525.998 
7204.9 
2320.96 
4600.7 
4232.01 
6238.78 
12176.4 
5752.92 
11813.1 
6454.88 
1321.42 
922.575 
9244.89 
9257.24 
3240.41 
11735.3 
776.816 
56.1895 
433.304 
9240.49 
3894.02 
5050.43 
8041.55 
11442.8 
12118.7 
536.952 
12459 
397.194 
10395.1 
5457.64 
9690.11 
11635.3 
389.831 
11033.1 
10777.1 
12687.4 
2493.74 
4090.61 
1954.57 
8681.84 
3602.31 
8528.09 
7468.65 
502.562 
8933.15 
6588.99 
3556 
11096.3 
1373.29 
11407.5 
12796.4 
3867.24 
4353.48 
6743.18 
7332.31 
9924.34 
4812.35 
12855.7 
9898.14 
5288.52 
9785.16 
11341.7 
8696.9 
4546.45 
5865.5 
976.543 
6948.34 
8890.82 
10038.5 
8394.38 
5550.69 
5506.12 
870.647 
7835.33 
7471.56 
2375.14 
6021.5 
909.501 
6559.82 
10339.2 
1104.48 
473.407 
7364.76 
4023.19 
9236.44 
5141.6 
3109.28 
2975.88 
10981.2 
2426.06 
9853.64 
5842.76 
7108.35 
9526.98 
12186.9 
8070.9 
2851.83 
10971.1 
11956.9 
5959.49 
2152.12 
10781.2 
147.102 
1543.65 
9723.41 
1214.24 
1574.81 
11619.8 
1738.68 
12152.7 
7601.65 
3641.1 
8733.49 
12869.9 
10284.2 
150.931 
7387.32 
5956.27 
10344.6 
6899.83 
2696.33 
5760.72 
196.008 
4641.33 
5192.26 
9783.07 
5807.67 
1543.4 
6835.5 
3046.21 
12277.3 
8620.05 
8612.68 
2642.84 
9855.77 
1230.37 
11260.4 
3153.16 
9935.7 
3840.82 
6121 
9439.8 
9890.51 
8643.39 
9691.74 
10993 
7720.04 
7424.85 
890.887 
4121.4 
8487.95 
6630.37 
10230.8 
10900.1 
7161.96 
755.318 
10464.5 
3853.65 
8363.89 
7862.5 
6068.04 
9260.82 
717.491 
6356.46 
5862.25 
7002.12 
11069.3 
8777.91 
10761.8 
11478.2 
6199.95 
6911.58 
1077.49 
8176.7 
9367.67 
579.564 
4676.87 
12382.3 
7663.54 
4790.16 
1774.09 
10422 
11900.1 
11303.2 
5914.62 
10293.7 
12725 
11298 
5158.93 
1450.95 
10067.9 
7906.71 
10098.5 
6979.41 
2054.53 
7588.7 
7982.36 
7416.55 
4744.97 
6855.39 
11501.8 
7669.18 
6479.05 
9862.69 
5559.82 
11216.8 
8688.93 
1256.62 
12734.4 
4474.12 
8042.33 
156.364 
549.22 
2537.86 
7670.52 
10019.1 
6355.08 
5269.63 
2076.61 
12700.4 
11355.2 
12033.1 
12657.1 
11127.2 
280.736 
10101.3 
1663.57 
7584.71 
4112.4 
1157.49 
8278.91 
9760.91 
2161.42 
9538.61 
6006.79 
3412.58 
2556.75 
5446.2 
9021.31 
4333.03 
9496.56 
4567.73 
11879.7 
8286.99 
7659.24 
5753.83 
5288.73 
2928.43 
9836.18 
10900.9 
8557.3 
11885.6 
1364.89 
416.576 
3736.15 
12349.9 
2182.01 
10635.7 
10510.6 
2364.64 
2214.66 
9679.67 
7263.69 
12683.7 
3983.71 
4905.86 
2121.21 
12033.6 
289.431 
11787.8 
6508.13 
829.218 
11468 
8814.81 
775.019 
11674.3 
10232.2 
5018.43 
12308.1 
11666.1 
2258.08 
12137 
7693.87 
9928.83 
1254.39 
5092.75 
6211.52 
12634.5 
6267.2 
7221.82 
1671.93 
10888.1 
1412.01 
4678.41 
5642.85 
4422.11 
1270.64 
7132.67 
763.396 
7066.36 
2745.42 
211.843 
2899.09 
1343.24 
11783.9 
4688.61 
7788.23 
2667.15 
6071.88 
1188.65 
12829 
5044.52 
2318.54 
5823.24 
8179.79 
5316.66 
1546.42 
7440.19 
3848.15 
48.3305 
4977.03 
7288.2 
12880.3 
3604.53 
6176.19 
2156.64 
11812.9 
5558.35 
10645 
5834.85 
12434 
10811.5 
4701.91 
6384.56 
1172.44 
7434.62 
7322 
1846.44 
5950.72 
11738.8 
10857.2 
12422.7 
5284 
511.782 
903.087 
6536.2 
2889.55 
5699.04 
7591.18 
10089.5 
11627.5 
11733.6 
12729.9 
4834.33 
7931.61 
10885.3 
3637.83 
749.555 
3556.37 
4309.84 
9062.5 
11232.6 
3899.47 
7674.85 
2996.7 
10934 
6877.3 
6668.86 
5136.86 
9221.01 
2283.95 
4354.13 
76.0852 
1015.84 
301.827 
9566.56 
2412.07 
7649.74 
5405.54 
6144.52 
1280.95 
10717.9 
68.3187 
10006.6 
10298.6 
5092.39 
3682.27 
6150.44 
8498.19 
5342.55 
78.3101 
12808.5 
9854.61 
3537.85 
11318.1 
2430 
11793 
475.859 
6126.52 
8766.23 
1293.69 
7961.14 
10800.6 
4901.87 
4513.55 
12035 
5537.23 
9750.5 
231.891 
11681.9 
3302.11 
12396.1 
8388.7 
7117.1 
7397.79 
9107.7 
6771.81 
2859.28 
4059.04 
5975.36 
5957.75 
7726.97 
10105.2 
2629.38 
2933.7 
4895.16 
639.663 
3054.25 
293.877 
11959.9 
3426.56 
3076.5 
10807.5 
6099.71 
12780.1 
2217.46 
5600.76 
1670.23 
11600.2 
11260 
2645.23 
2241.59 
5488.62 
6751.85 
668.251 
8458.37 
5716.81 
3776.8 
8301.64 
5138.72 
5293.45 
5761.53 
4375.16 
5984.32 
1555.92 
1652.87 
2634.81 
2135.53 
10060 
8746.42 
10544.8 
12829.6 
11869.3 
9751.95 
6348.86 
6297.39 
398.021 
6068.73 
12346.5 
1875.4 
3352.5 
1535.66 
819.952 
399.292 
241.809 
6766.29 
7433.21 
10063.4 
10009.5 
4167.08 
802.792 
2366.83 
1159.54 
4317.63 
7101.94 
4774.82 
3301.36 
9234.36 
2.94075 
4477.99 
5587.9 
12335.4 
10460.5 
10542.9 
4849.82 
3924.84 
3217.16 
10421.8 
3890.43 
10193.6 
7562.36 
8500.94 
10249.1 
9067.47 
12815.5 
12709.8 
2876.36 
8433.68 
7092.06 
7503.01 
5855.49 
8645.82 
1133.64 
6566.5 
5274.19 
7888.52 
7562.38 
12042 
6742.51 
7414.46 
4072.14 
7096.17 
9823.72 
548.94 
2491 
9038.47 
7212.58 
715.515 
12392.5 
10986.3 
7970.87 
2282.69 
6498.52 
3663.89 
469.468 
704.713 
5677.05 
8961.68 
2679.46 
2318.78 
685.476 
822.584 
832.226 
2503.52 
11430.3 
5621.38 
12798 
890.778 
12369.5 
11171.4 
3830.35 
6912.66 
10693.5 
2398.98 
1903.21 
6086.37 
5241.64 
449.896 
333.577 
3572.92 
297.888 
2199.17 
8253.16 
1188.64 
4999.6 
8325.62 
7390 
5047.51 
8080.34 
6556.59 
11230.7 
175.124 
4561.3 
12134.2 
2173.07 
509.694 
4402.75 
11740.3 
6562.23 
5117.09 
5872.57 
1391.75 
10444.8 
914.372 
8221.2 
9191.55 
11761 
2669.45 
8538.85 
3194.39 
5770.57 
8806.99 
10840.4 
9449.31 
2196.69 
1089.85 
2623.08 
9826.49 
9543.37 
11540.8 
2239.05 
5560.37 
10784.2 
3097.3 
765.358 
9476.09 
9274.09 
9349.67 
1296.08 
2185.6 
8529.14 
4384.26 
148.281 
7912.5 
5474.49 
11504.9 
5036.82 
6505.85 
345.262 
6202.37 
7731.66 
6822.2 
10518.2 
1938.81 
519.865 
657.875 
9444.89 
10962.6 
11647.9 
4459.14 
190.75 
1896.88 
4677.06 
2943.1 
5786.65 
5261.04 
2252.59 
11972.2 
4953.9 
3815.1 
9895.79 
10657.8 
8535.37 
6601.09 
12818 
567.972 
7969.4 
4282.56 
1769.61 
9010.24 
3404.46 
967.377 
6310.55 
6341.95 
1122.47 
10546.4 
3598.95 
9851.39 
7394.28 
2234.97 
5300.39 
7342.25 
5747.96 
7555.11 
5320.37 
1406.89 
2902.44 
12683.8 
10622.5 
4171.54 
7131.12 
12120.1 
7553.67 
2071.94 
3998.06 
394.919 
3140.25 
2818.12 
8734.77 
2594.95 
11305.2 
11654.3 
868.925 
7433.1 
6285.6 
4278.58 
5336.17 
10665.4 
11016.9 
3175.55 
2146.53 
1813.24 
2033.3 
9510.37 
3924.41 
2692.75 
5358.26 
2804.68 
6618.85 
2273.13 
728.253 
11252.2 
11424.7 
685.085 
12271.6 
4129.55 
9350.87 
8243.38 
9015.37 
7602.25 
3850.46 
86.5816 
5238.78 
2028.49 
12702.2 
11196.7 
2652.36 
4146.54 
5697.57 
11667.6 
6998.55 
7291.22 
3739.58 
9908.66 
9269.49 
6346.77 
3057.55 
8954.49 
7185.47 
3065.17 
4193.82 
7923.77 
12376.6 
1254.15 
12296.8 
12367.4 
7836.25 
5129.76 
7284.22 
11463.1 
9119.13 
9445.85 
11612.3 
9501.97 
11451 
10937.8 
209.102 
10119.8 
3574.46 
4098.95 
9579.64 
11453.2 
301.883 
12885.9 
2260.96 
1744.21 
12628.6 
12048.4 
11145.5 
3187.33 
8641.48 
10982.9 
1115.08 
4718.13 
720.917 
8918.14 
6234.52 
4718.82 
5095.47 
3768.01 
10063.7 
6322.73 
3205.95 
4130.85 
11972.4 
8469.11 
3722.91 
10942.6 
1809.97 
7289.79 
10261.7 
8605.47 
10129.9 
9005.3 
9789.5 
9898.7 
3220.69 
4817.97 
699.791 
