6.71384 
9.2277 
4.4244 
7.34314 
0.851026 
4.21528 
10.8249 
5.38445 
6.87962 
10.5556 
8.18859 
8.96357 
9.56873 
9.60651 
9.2429 
1.50634 
7.72006 
8.66437 
1.90888 
0.99883 
5.35877 
4.89247 
9.20759 
1.11898 
5.12545 
3.54688 
0.861221 
3.12769 
9.24722 
7.63199 
8.25023 
4.38358 
5.56266 
9.39802 
7.13821 
1.45611 
0.813564 
1.85566 
8.26276 
10.6156 
0.059028 
9.70135 
4.675 
6.5556 
8.34003 
10.1526 
9.70428 
0.882158 
1.16039 
8.01133 
6.26428 
0.461262 
4.24778 
1.55224 
10.9788 
7.94884 
8.6333 
1.2088 
2.24807 
5.58057 
7.13701 
3.92849 
5.48131 
8.22923 
2.94566 
5.03416 
10.4027 
3.8997 
8.88919 
6.42719 
9.12139 
10.3937 
0.279972 
5.41776 
8.96765 
4.22762 
10.5858 
3.89121 
6.21112 
4.31909 
7.81818 
1.52251 
2.74142 
9.81435 
0.866113 
9.65901 
2.44138 
4.4865 
8.67159 
2.68133 
3.54035 
7.79874 
6.47319 
7.25225 
10.2361 
9.06481 
8.71342 
0.469744 
2.68232 
8.19852 
0.727634 
8.64334 
4.078 
3.19736 
0.996096 
5.3024 
4.01504 
8.4383 
5.17476 
2.103 
5.28992 
6.20559 
7.33441 
2.25838 
7.94431 
8.02932 
6.68681 
8.57042 
9.41137 
3.49526 
3.51425 
0.172061 
8.13538 
3.25163 
0.425074 
3.69675 
8.84856 
9.39428 
1.07024 
3.53682 
5.34793 
1.87013 
8.63004 
2.0517 
3.41132 
5.82887 
5.95137 
9.14431 
0.647912 
5.19747 
1.23588 
6.99622 
1.0791 
9.26879 
1.71301 
4.18269 
1.75506 
10.0466 
1.5277 
9.62527 
0.654014 
5.74622 
7.20978 
8.03788 
9.13488 
6.58692 
5.3681 
5.45183 
3.90009 
4.45283 
3.83172 
3.59472 
8.60967 
4.30955 
2.611 
4.88506 
9.39746 
10.8112 
6.05327 
7.70389 
0.750647 
10.8488 
5.21007 
3.45724 
2.44167 
7.74355 
4.77233 
8.38502 
1.84802 
8.29971 
4.44792 
8.36367 
2.07498 
4.64132 
8.63463 
7.67999 
2.09113 
10.0535 
7.75533 
1.36771 
7.66529 
0.628798 
5.26734 
3.50432 
7.89519 
9.85701 
6.49792 
8.72198 
5.10001 
8.05174 
3.15867 
6.16478 
9.35637 
5.88879 
3.55284 
6.01827 
0.299268 
7.01552 
4.61785 
6.99784 
0.864097 
4.19526 
0.655096 
6.47423 
6.19451 
8.07013 
7.90683 
10.7572 
7.65432 
1.19311 
1.054 
5.60532 
6.92476 
1.79559 
8.2479 
1.5212 
7.42456 
9.98971 
3.39938 
4.02726 
7.91875 
6.35435 
8.57769 
3.40246 
6.38861 
5.54736 
9.26345 
0.277007 
2.25369 
1.2368 
7.27536 
4.03155 
3.82397 
5.7023 
2.7865 
0.402348 
2.44468 
8.3205 
5.18774 
10.0986 
9.63439 
5.62687 
2.13338 
0.103162 
7.78546 
8.72109 
1.70949 
10.0778 
8.36015 
3.08914 
4.42612 
0.882722 
9.30728 
10.0923 
4.44661 
8.3697 
8.64401 
5.99516 
9.99846 
8.33427 
6.22619 
7.91839 
8.29157 
6.13499 
4.91584 
9.83175 
3.83542 
1.61363 
5.12983 
10.0585 
2.17432 
1.42306 
4.46379 
4.63554 
7.937 
6.22877 
8.67509 
7.80594 
3.55029 
2.50159 
9.35092 
5.76203 
3.88886 
1.89215 
1.33913 
7.33735 
1.41989 
0.420249 
1.22767 
3.47567 
8.17935 
3.9636 
4.14549 
8.73621 
0.526038 
8.86398 
6.08057 
2.05255 
7.85056 
4.78897 
7.08044 
9.1849 
4.40341 
10.5606 
9.68628 
6.99297 
4.23848 
7.77388 
10.3576 
8.64744 
2.26678 
1.67102 
2.56126 
2.47006 
6.23825 
5.94296 
4.14742 
7.24781 
2.03999 
1.10461 
8.2361 
6.41226 
4.0857 
6.54073 
3.78794 
9.32098 
9.61079 
5.90941 
0.446781 
4.39227 
3.39694 
1.59898 
2.16164 
3.05926 
1.40913 
1.21153 
1.93338 
5.8272 
6.8767 
1.95449 
6.32246 
6.72662 
7.84613 
9.4889 
8.24373 
2.39184 
8.29915 
1.99859 
0.483979 
0.997704 
2.5577 
8.79233 
5.41586 
8.65195 
5.0949 
8.169 
7.97425 
2.6747 
6.0029 
2.2411 
5.65945 
7.00055 
7.54467 
5.61323 
3.18058 
1.48657 
2.24669 
8.494 
4.99361 
0.793635 
1.39971 
0.63206 
1.84015 
2.2084 
4.91035 
7.50421 
7.69675 
0.868014 
2.69152 
1.49245 
1.36635 
9.15311 
8.76179 
2.72773 
0.751567 
5.12348 
1.36928 
8.70775 
1.33026 
0.405708 
10.797 
8.97578 
4.25014 
10.6816 
0.847537 
4.39903 
10.0533 
6.34906 
8.90118 
3.32917 
7.61568 
4.88721 
7.75105 
8.84096 
2.565 
7.01422 
0.71928 
7.23188 
1.88682 
2.34711 
1.40694 
6.46038 
5.81278 
0.1488 
0.792266 
10.1079 
10.7697 
3.90101 
10.4991 
9.10768 
1.88703 
2.27953 
3.25469 
7.58173 
0.987528 
1.98904 
0.730273 
6.10264 
3.08026 
2.65618 
9.71991 
9.37641 
3.94102 
2.28481 
8.32166 
2.22179 
4.23278 
3.39347 
9.70884 
6.77468 
2.94683 
4.4398 
7.08808 
6.43662 
10.4273 
8.28341 
5.32922 
8.49994 
1.3429 
4.22577 
4.25171 
0.188638 
4.96304 
2.32599 
4.26701 
1.4194 
2.46365 
7.02296 
6.30116 
8.12535 
1.22408 
7.41667 
5.59623 
3.19333 
10.1011 
2.55379 
2.7374 
5.70665 
1.12825 
10.0825 
8.72589 
9.82891 
6.76673 
1.15162 
8.592 
0.155664 
6.3379 
9.00238 
7.90416 
8.96654 
2.642 
9.90062 
0.841729 
5.2301 
4.57847 
1.7835 
0.166654 
1.44139 
0.0235664 
3.02807 
5.08479 
6.09428 
7.03648 
0.916712 
6.44983 
4.92982 
6.85349 
4.60864 
1.70276 
9.72811 
1.44241 
4.8651 
9.74552 
7.84883 
4.59139 
7.3805 
2.89601 
6.5042 
4.24745 
8.56234 
5.70155 
10.2707 
1.48837 
1.35114 
4.3238 
3.84838 
6.33774 
5.58657 
8.47687 
6.02814 
7.74343 
1.99743 
9.23643 
10.4788 
1.91379 
3.41926 
3.87917 
7.94773 
10.603 
7.63707 
9.02067 
3.47882 
0.96695 
4.54758 
4.30476 
8.88344 
6.20471 
6.12383 
7.48354 
3.10219 
4.48347 
2.95666 
8.78444 
0.255201 
6.62191 
1.6764 
7.71011 
1.24276 
0.292805 
6.85745 
9.02728 
8.21646 
1.91293 
10.7822 
10.3296 
9.32287 
10.5594 
7.57102 
3.65511 
5.77087 
3.30106 
1.75786 
4.99398 
2.43651 
10.8915 
10.6555 
10.155 
2.13878 
2.49941 
6.69257 
0.939184 
1.16789 
1.61526 
9.19647 
7.69772 
3.15279 
8.40774 
5.44561 
3.251 
5.92706 
8.50475 
2.4862 
3.79826 
9.07156 
6.5127 
8.74755 
5.15654 
9.57853 
7.58159 
4.33812 
9.8785 
6.41717 
10.2778 
3.43008 
6.55677 
9.2249 
9.09522 
3.32896 
2.14928 
2.11143 
6.7346 
6.87814 
3.3664 
2.02163 
4.15125 
5.07637 
8.10864 
3.11704 
2.28721 
1.18582 
5.97145 
3.4461 
4.37904 
0.802351 
2.42789 
3.39176 
8.78783 
5.23705 
5.96362 
6.5128 
4.76526 
2.3056 
10.3208 
8.51116 
8.29319 
6.93739 
0.389528 
2.70792 
8.08265 
9.11818 
1.94463 
10.7967 
6.90081 
9.75437 
1.32495 
10.1055 
0.182547 
6.42099 
2.17296 
0.00606911 
0.965961 
6.71107 
8.84837 
4.07911 
3.97975 
2.77469 
2.04878 
9.55971 
7.76638 
2.15579 
2.30526 
10.2182 
4.0224 
4.92273 
8.37606 
10.8512 
4.90977 
1.89269 
2.77493 
7.02343 
2.18289 
0.89887 
9.5065 
7.32537 
5.08234 
5.92745 
4.86677 
1.51659 
8.62884 
1.9285 
2.12358 
4.52828 
7.26163 
6.77584 
2.37838 
5.2239 
5.51807 
8.04857 
3.57685 
8.28744 
1.23295 
6.87515 
10.0804 
9.89963 
0.346959 
9.01965 
1.7178 
3.85034 
6.52 
3.08845 
6.34891 
10.0472 
5.62008 
7.85644 
5.12863 
10.1878 
0.292423 
8.2373 
1.64972 
2.71489 
7.18135 
3.38994 
8.06116 
9.58186 
1.33345 
1.40604 
7.85775 
9.89629 
10.3723 
10.8037 
3.90832 
1.00688 
4.80068 
7.91695 
0.524279 
8.89215 
6.20778 
4.55727 
9.12951 
0.00601337 
5.72409 
10.3675 
1.66734 
1.96136 
6.80537 
7.4732 
7.85694 
4.08602 
0.818848 
2.88031 
2.05034 
8.39163 
5.9804 
10.3719 
0.982354 
1.06631 
3.97199 
5.43711 
9.57803 
4.22873 
3.50872 
0.514773 
3.85284 
10.9512 
10.4126 
2.4643 
1.17023 
7.67369 
6.39755 
5.92057 
3.54285 
1.0918 
5.67163 
5.61151 
3.59676 
1.91484 
5.99581 
0.325255 
2.59307 
4.31801 
2.83909 
2.46613 
8.65909 
9.55833 
4.74816 
8.93527 
3.88872 
8.23698 
9.59556 
9.55687 
5.06106 
4.37992 
1.50733 
8.15794 
6.22459 
7.38046 
8.50199 
5.25215 
1.13038 
5.5781 
0.471679 
10.312 
5.34647 
6.08237 
1.19768 
0.910287 
0.103902 
2.7697 
8.12106 
1.53166 
7.68703 
8.31817 
5.88785 
10.467 
3.5888 
0.82724 
9.82467 
1.17287 
0.706294 
0.43805 
3.14836 
7.45023 
0.92015 
10.8357 
4.36246 
5.95936 
4.20051 
7.42972 
3.08793 
2.93069 
7.23713 
2.6944 
8.18169 
7.3756 
6.7159 
4.63031 
4.40315 
4.16914 
3.91763 
9.39807 
8.17505 
5.94309 
1.45137 
10.7046 
6.19775 
6.27917 
6.62011 
7.99109 
8.66097 
5.37763 
1.7606 
10.2674 
0.0279967 
10.2742 
0.8846 
6.05082 
9.69939 
8.44262 
2.66196 
1.65938 
3.25503 
4.65381 
0.051725 
5.10517 
3.50653 
5.30886 
7.11445 
10.1315 
2.78904 
0.645364 
1.2584 
3.49599 
8.02489 
8.15429 
3.81949 
3.72949 
2.87682 
10.0187 
2.44043 
3.60939 
7.62394 
7.97249 
1.20756 
2.16072 
9.1168 
8.55797 
0.502677 
4.86306 
3.08806 
2.80962 
2.83319 
0.725753 
10.5093 
2.63547 
10.2941 
8.70862 
8.81953 
8.35493 
5.60204 
2.83798 
9.81665 
10.7537 
0.987055 
7.08632 
9.14733 
8.70864 
7.96014 
6.99707 
2.3516 
2.2026 
7.20197 
1.38952 
0.678465 
0.966476 
6.53107 
0.550024 
8.14189 
1.36651 
9.04802 
1.95327 
1.98739 
1.07495 
9.72663 
10.6155 
2.79739 
1.01463 
0.25457 
9.27115 
2.46546 
3.25028 
10.9887 
8.01781 
1.69236 
0.913172 
9.6256 
6.74945 
1.14275 
8.21579 
6.72237 
3.81778 
9.56338 
4.66659 
9.71964 
3.81541 
0.280908 
10.2872 
8.05949 
4.53387 
4.86856 
2.71946 
9.96103 
1.21378 
3.59251 
5.51658 
5.23473 
5.71277 
1.25486 
8.49929 
1.49322 
7.56708 
1.04748 
0.971663 
6.61497 
8.58923 
7.06186 
0.819962 
3.10245 
6.74243 
0.465816 
3.52921 
10.7102 
3.01069 
6.89663 
8.27521 
9.20519 
10.5735 
3.80803 
6.2281 
6.38297 
2.34305 
7.92183 
7.02562 
9.79496 
1.83584 
5.134 
7.48581 
3.20472 
5.82168 
9.20514 
5.31331 
10.3768 
1.65418 
1.30989 
5.32419 
5.72491 
5.81507 
2.29635 
4.67663 
3.88757 
3.56259 
6.83167 
9.01541 
4.50782 
7.01889 
5.11997 
2.36215 
2.66118 
1.89845 
7.129 
7.45286 
